49 2 50 2
49 2 48 2
50 2 51 2
48 2 47 2
51 2 52 2
47 2 46 2
52 2 53 2
46 2 45 2
53 2 54 2
45 2 44 2
54 2 55 2
44 2 43 2
55 2 56 2
43 2 42 2
56 2 57 2
42 2 41 2
57 2 58 2
41 2 40 2
58 2 59 2
40 2 39 2
59 2 60 2
39 2 38 2
60 2 61 2
38 2 37 2
61 2 62 2
37 2 36 2
62 2 63 2
36 2 35 2
63 2 64 2
35 2 34 2
64 2 65 2
34 2 33 2
65 2 66 2
33 2 32 2
66 2 67 2
32 2 31 2
67 2 68 2
31 2 30 2
68 2 69 2
30 2 29 2
69 2 70 2
29 2 28 2
70 2 71 2
28 2 27 2
71 2 72 2
27 2 26 2
72 2 73 2
26 2 25 2
73 2 74 2
25 2 24 2
74 2 75 2
24 2 23 2
75 2 76 2
23 2 22 2
76 2 77 2
22 2 21 2
77 2 78 2
21 2 20 2
78 2 79 2
20 2 19 2
79 2 80 2
19 2 18 2
80 2 81 2
18 2 17 2
81 2 82 2
17 2 16 2
82 2 83 2
16 2 15 2
83 2 84 2
15 2 14 2
84 2 85 2
14 2 13 2
85 2 86 2
13 2 12 2
86 2 87 2
12 2 11 2
87 2 88 2
11 2 10 2
88 2 89 2
10 2 9 2
89 2 90 2
9 2 8 2
90 2 91 2
8 2 7 2
91 2 92 2
7 2 6 2
92 2 93 2
6 2 5 2
93 2 94 2
5 2 4 2
94 2 95 2
4 2 3 2
95 2 96 2
3 2 2 2
96 2 97 2
2 2 1 2
97 2 98 2
1 2 1 3
98 2 98 1
1 3 1 4
98 1 97 1
1 4 2 4
97 1 96 1
2 4 3 4
96 1 95 1
3 4 4 4
95 1 94 1
4 4 5 4
94 1 93 1
5 4 6 4
93 1 92 1
6 4 7 4
92 1 91 1
7 4 8 4
91 1 90 1
8 4 9 4
90 1 89 1
9 4 10 4
89 1 88 1
10 4 11 4
88 1 87 1
11 4 12 4
87 1 86 1
12 4 13 4
86 1 85 1
13 4 14 4
85 1 84 1
14 4 15 4
84 1 83 1
15 4 16 4
83 1 82 1
16 4 17 4
82 1 81 1
17 4 18 4
81 1 80 1
18 4 19 4
80 1 79 1
19 4 20 4
79 1 78 1
20 4 21 4
78 1 77 1
21 4 22 4
77 1 76 1
22 4 23 4
76 1 75 1
23 4 24 4
75 1 74 1
24 4 25 4
74 1 73 1
25 4 26 4
73 1 72 1
26 4 27 4
72 1 71 1
27 4 28 4
71 1 70 1
28 4 29 4
70 1 69 1
29 4 30 4
69 1 68 1
30 4 31 4
68 1 67 1
31 4 32 4
67 1 66 1
32 4 33 4
66 1 65 1
33 4 34 4
65 1 64 1
34 4 35 4
64 1 63 1
35 4 36 4
63 1 62 1
36 4 37 4
62 1 61 1
37 4 38 4
61 1 60 1
38 4 39 4
60 1 59 1
39 4 40 4
59 1 58 1
40 4 41 4
58 1 57 1
41 4 42 4
57 1 56 1
42 4 43 4
56 1 55 1
43 4 44 4
55 1 54 1
44 4 45 4
54 1 53 1
45 4 46 4
53 1 52 1
46 4 47 4
52 1 51 1
47 4 48 4
51 1 50 1
48 4 49 4
50 1 49 1
49 4 50 4
49 1 48 1
50 4 51 4
48 1 47 1
51 4 52 4
47 1 46 1
52 4 53 4
46 1 45 1
53 4 54 4
45 1 44 1
54 4 55 4
44 1 43 1
55 4 56 4
43 1 42 1
56 4 57 4
42 1 41 1
57 4 58 4
41 1 40 1
58 4 59 4
40 1 39 1
59 4 60 4
39 1 38 1
60 4 61 4
38 1 37 1
61 4 62 4
37 1 36 1
62 4 63 4
36 1 35 1
63 4 64 4
35 1 34 1
64 4 65 4
34 1 33 1
65 4 66 4
33 1 32 1
66 4 67 4
32 1 31 1
67 4 68 4
31 1 30 1
68 4 69 4
30 1 29 1
69 4 70 4
29 1 28 1
70 4 71 4
28 1 27 1
71 4 72 4
27 1 26 1
72 4 73 4
26 1 25 1
73 4 74 4
25 1 24 1
74 4 75 4
24 1 23 1
75 4 76 4
23 1 22 1
76 4 77 4
22 1 21 1
77 4 78 4
21 1 20 1
78 4 79 4
20 1 19 1
79 4 80 4
19 1 18 1
80 4 81 4
18 1 17 1
81 4 82 4
17 1 16 1
82 4 83 4
16 1 15 1
83 4 84 4
15 1 14 1
84 4 85 4
14 1 13 1
85 4 86 4
13 1 12 1
86 4 87 4
12 1 11 1
87 4 88 4
11 1 10 1
88 4 89 4
10 1 9 1
89 4 90 4
9 1 8 1
90 4 91 4
8 1 7 1
91 4 92 4
7 1 6 1
92 4 93 4
6 1 5 1
93 4 94 4
5 1 4 1
94 4 95 4
4 1 3 1
95 4 96 4
3 1 2 1
96 4 97 4
2 1 1 1
97 4 98 4
98 4 98 3
98 3 97 3
97 3 96 3
96 3 95 3
95 3 94 3
94 3 93 3
93 3 92 3
2 2 2 3
3 2 3 3
4 2 4 3
5 2 5 3
6 2 6 3
7 2 7 3
8 2 8 3
9 2 9 3
10 2 10 3
11 2 11 3
12 2 12 3
13 2 13 3
14 2 14 3
15 2 15 3
16 2 16 3
17 2 17 3
18 2 18 3
19 2 19 3
20 2 20 3
21 2 21 3
22 2 22 3
23 2 23 3
24 2 24 3
25 2 25 3
26 2 26 3
27 2 27 3
28 2 28 3
29 2 29 3
30 2 30 3
31 2 31 3
32 2 32 3
33 2 33 3
34 2 34 3
35 2 35 3
36 2 36 3
37 2 37 3
38 2 38 3
39 2 39 3
40 2 40 3
41 2 41 3
42 2 42 3
43 2 43 3
44 2 44 3
45 2 45 3
46 2 46 3
47 2 47 3
48 2 48 3
49 2 49 3
50 2 50 3
51 2 51 3
52 2 52 3
53 2 53 3
54 2 54 3
55 2 55 3
56 2 56 3
57 2 57 3
58 2 58 3
59 2 59 3
60 2 60 3
61 2 61 3
62 2 62 3
63 2 63 3
64 2 64 3
65 2 65 3
66 2 66 3
67 2 67 3
68 2 68 3
69 2 69 3
70 2 70 3
71 2 71 3
72 2 72 3
73 2 73 3
74 2 74 3
75 2 75 3
76 2 76 3
77 2 77 3
78 2 78 3
79 2 79 3
80 2 80 3
81 2 81 3
82 2 82 3
83 2 83 3
84 2 84 3
85 2 85 3
86 2 86 3
87 2 87 3
88 2 88 3
89 2 89 3
90 2 90 3
91 2 91 3