[<tf.Variable 'dense/kernel:0' shape=(59, 20) dtype=float32, numpy=
array([[ 2.7492538e-01,  1.7075070e+00, -1.8247336e-01, ...,
         8.5862947e-01,  1.4480836e+00, -4.7680211e-01],
       [-6.9359452e-02,  3.1992273e+01, -2.1268578e-01, ...,
        -9.4523392e+00,  3.8830601e+01,  6.1122475e+01],
       [-2.5406656e-01, -1.0189307e+02, -1.2707661e-01, ...,
         3.5677189e+01, -1.0844954e+01, -3.4673149e+01],
       ...,
       [ 1.5641409e-01,  4.3689623e-01, -2.2246014e-01, ...,
         2.9360937e-02, -3.6106676e-01, -5.2195626e-01],
       [ 2.5480685e-01, -1.3020198e+00, -9.4007656e-02, ...,
        -1.8734925e+00,  8.8858503e-01,  6.0553914e-01],
       [ 8.5944593e-02,  9.7188911e+00, -2.2799484e-01, ...,
        -3.1067614e+01, -5.6078941e-01, -3.6429994e+00]], dtype=float32)>, <tf.Variable 'dense/bias:0' shape=(20,) dtype=float32, numpy=
array([ 0.        , -0.01367639,  0.        ,  0.        ,  0.48535648,
       -2.1795816 , -0.62918633, -2.2421308 ,  0.        ,  0.        ,
       -1.1887264 , -4.099921  ,  0.        ,  0.91649514,  0.44668376,
       -0.02871672,  0.5447499 ,  1.396855  ,  2.2178094 , -0.74947184],
      dtype=float32)>, <tf.Variable 'dense_1/kernel:0' shape=(20, 20) dtype=float32, numpy=
array([[ 1.89150274e-02,  8.88608098e-02, -9.07118320e-02,
        -1.67965323e-01,  7.00027347e-02,  1.46816254e-01,
         1.30480170e-01, -2.16522872e-01, -5.64022064e-02,
         2.72485197e-01, -1.17554158e-01,  2.77029932e-01,
         7.07018375e-02,  1.32679880e-01,  1.98850334e-01,
         8.78607631e-02,  3.87243569e-01, -1.74411327e-01,
        -2.43198708e-01, -5.20066917e-02],
       [ 1.63697958e-01, -1.24222970e+00, -1.86835480e+01,
        -1.37214851e+00,  1.01933219e-01, -4.02754366e-01,
        -8.39374542e-01,  2.24411875e-01, -1.43602103e-01,
         5.44805765e-01, -2.28505135e-01,  1.31382465e-01,
        -4.11120474e-01,  2.45338887e-01,  5.71920797e-02,
         3.25616807e-01, -8.08875740e-01, -3.00265461e-01,
        -1.08417892e+00,  4.04844373e-01],
       [ 3.86736214e-01, -3.28182191e-01,  4.09083664e-02,
        -1.90338358e-01, -1.48821399e-01, -2.42173657e-01,
         1.58696532e-01,  2.25149751e-01, -2.81649649e-01,
         3.66255283e-01, -2.22528234e-01, -1.97706282e-01,
         3.33935499e-01, -4.78991568e-02, -3.07657421e-01,
        -1.76750287e-01, -1.61081627e-01, -7.42352009e-03,
        -3.61199796e-01,  2.11453617e-01],
       [-3.54174554e-01,  1.45824909e-01,  3.71544302e-01,
         3.86554539e-01, -1.05065674e-01, -3.36342841e-01,
         3.37015450e-01, -2.93473303e-01, -1.64777339e-02,
         1.66968644e-01, -1.10834658e-01,  1.28149807e-01,
        -1.95368066e-01, -1.44049525e-03, -3.26191783e-02,
         3.22496295e-01,  2.66045094e-01,  2.30384648e-01,
         1.55816078e-01, -7.45174885e-02],
       [ 8.06790888e-01, -6.91762269e-01, -9.24263716e-01,
        -3.34593892e-01, -2.14244217e-01,  2.09894568e-01,
        -1.74439716e+00, -2.09387958e-01, -3.79272729e-01,
         6.89719498e-01,  1.81017965e-02,  2.44938582e-02,
        -7.44735539e-01,  1.43885210e-01, -8.98912132e-01,
        -7.03016222e-01, -2.08226308e-01, -2.82866597e-01,
         6.18744791e-01,  2.39988834e-01],
       [-7.80056953e+00,  8.76952633e-02, -6.09263802e+00,
        -4.70626950e-02, -2.22056293e+00, -3.79844368e-01,
        -2.54198480e+00,  1.61422908e-01, -3.29592764e-01,
        -1.21647911e-02, -1.18851729e-01, -8.74502063e-01,
        -1.03894746e+00,  3.85063797e-01,  2.80843854e-01,
         2.43854776e-01, -1.62910998e+00,  7.83352777e-02,
         4.39290881e-01, -1.27040935e+00],
       [-2.27911305e+00,  4.17700827e-01,  4.79364097e-01,
         6.11201525e-01, -1.58396170e-01, -3.62965405e-01,
        -4.03893322e-01,  4.30831105e-01, -1.43427640e-01,
        -8.49459827e-01,  5.37027955e-01, -1.38702381e+00,
        -1.32527351e-01, -1.45348465e+00,  9.82787609e-01,
        -6.96542144e-01,  6.32515669e-01, -2.63260771e-02,
        -8.37224960e-01, -2.63945639e-01],
       [ 8.26167405e-01, -1.03345704e+00, -7.17831850e-01,
        -6.80920362e-01, -2.60816425e-01, -2.17095241e-01,
         7.35231712e-02,  3.36862862e-01,  9.03035104e-01,
         4.75350857e-01,  6.08005583e-01, -1.34091413e+00,
        -5.22869647e-01, -1.19076681e+00, -3.23659569e-01,
         1.26703119e+00, -1.13632298e+00,  1.89593751e-02,
         2.41374597e-02, -4.78711039e-01],
       [ 1.20759547e-01,  2.51401007e-01,  1.11488700e-01,
         2.46779323e-01,  2.47653544e-01, -3.86265725e-01,
         2.75012434e-01, -1.39206395e-01,  1.53834462e-01,
         3.17243874e-01, -7.12819099e-02,  1.56016529e-01,
        -1.80932328e-01, -2.43710175e-01, -3.29764247e-01,
        -1.43636361e-01,  2.25840926e-01,  1.54850006e-01,
        -3.82453948e-01,  7.26223290e-02],
       [ 2.77606845e-01, -8.37102234e-02,  2.43737340e-01,
        -2.23289937e-01, -2.68591881e-01,  2.25818098e-01,
        -6.73849285e-02,  1.82726979e-02, -2.33458132e-01,
        -2.40222722e-01, -3.38886410e-01, -2.25716144e-01,
         3.42051625e-01, -3.58991146e-01, -4.91459370e-02,
         3.50074887e-01,  1.80823922e-01,  2.25011766e-01,
         3.73553395e-01,  6.21063709e-02],
       [-1.15865268e-01,  6.94294930e-01, -8.98363367e-02,
         5.41295588e-01,  2.44064242e-01, -7.46128112e-02,
        -4.93226111e-01,  2.35607967e-01, -5.12438267e-02,
         1.46190286e-01,  1.71346948e-01,  3.92087013e-01,
         1.55586421e+00,  5.07754207e-01,  3.66771072e-01,
        -6.19710051e-02, -2.17506960e-01, -2.36745045e-01,
        -1.95188832e+00,  2.48826295e-01],
       [ 1.23164430e-01, -4.03333252e-06,  1.57920614e-01,
        -7.58784711e-02, -2.16554880e-01, -3.81443322e-01,
         1.67470962e-01,  9.50576589e-02,  1.46103218e-01,
        -2.14881033e-01, -1.14259399e-01,  3.80894899e-01,
        -3.31830978e-02, -1.80273071e-01,  3.02391872e-02,
        -7.87213538e-03,  9.67604890e-02, -4.15574551e-01,
         3.68741810e-01, -2.58370996e-01],
       [ 2.08455741e-01, -1.04074419e-01,  2.65477359e-01,
        -2.74967998e-01, -3.10151517e-01,  3.34041774e-01,
        -3.46149802e-01, -3.24171245e-01,  2.93939054e-01,
        -7.59045184e-02,  8.47501457e-02, -3.53319287e-01,
        -3.11370462e-01,  1.35582149e-01,  2.68481791e-01,
         4.03398275e-02, -7.89155066e-02, -9.74332988e-02,
        -1.77130535e-01,  2.87784934e-02],
       [-3.12579656e+00,  5.82849123e-02, -1.99534070e+00,
         1.01047263e-01, -2.17523262e-01,  1.25366315e-01,
         1.31318831e+00, -1.51820332e-01,  5.92072271e-02,
        -2.14434922e-01, -1.56168768e-03, -9.25273061e-01,
         1.29670823e+00, -1.96314597e+00,  1.14030309e-01,
         1.52692318e-01,  6.64517641e-01,  3.92742408e-03,
        -2.61099362e+00, -9.70631361e-01],
       [ 3.25641781e-01,  5.30991137e-01,  4.85392898e-01,
         8.20418596e-01, -2.09210873e-01, -4.07213211e-01,
        -1.31608725e+00, -1.12333544e-01,  9.42375004e-01,
        -2.94281803e-02, -1.92120612e-01,  7.81944752e-01,
         4.70769525e-01,  4.57403004e-01,  4.43348467e-01,
         5.57263732e-01, -4.82807383e-02, -4.39168781e-01,
        -1.74026743e-01, -1.22983113e-01],
       [ 6.04917407e-02, -3.30095589e-02,  2.36779585e-01,
        -6.53323531e-02, -8.82927477e-02, -3.72054160e-01,
         2.63587832e-01, -3.34852457e-01,  3.12036322e-03,
         6.15848862e-02,  3.44685614e-01,  9.99639556e-02,
        -1.61342487e-01, -1.82169765e-01,  3.62455994e-01,
        -3.51855606e-01, -1.68341607e-01,  1.43548191e-01,
         1.76275015e-01, -1.29578069e-01],
       [-6.20869815e-01,  1.05260158e+00, -1.71675593e-01,
         1.02323496e+00,  1.63300514e-01, -2.31588006e-01,
         8.34672928e-01,  2.80897200e-01, -2.54229069e-01,
         9.32227552e-01,  1.52767032e-01, -2.52284050e-01,
        -1.18319106e+00,  4.76728410e-01,  2.43844867e-01,
         2.72182859e-02,  4.58848208e-01, -6.04253188e-02,
         1.13424563e+00,  3.69759798e-01],
       [-1.82008088e+00, -1.90139741e-01,  1.40303051e+00,
         2.47845888e-01,  9.68659520e-01, -2.92405635e-01,
        -2.07575202e+00, -1.56083092e-01,  4.18645859e-01,
        -2.53770262e-01, -1.78494647e-01,  2.39569042e-02,
        -9.98771608e-01,  5.30215912e-02,  1.90428346e-01,
        -4.46487039e-01,  1.27190217e-01,  4.80976775e-02,
         3.72002304e-01,  4.81132045e-02],
       [-7.18593001e-01, -9.37346041e-01, -1.39539790e+00,
        -1.08828440e-01,  1.10787293e-02,  1.48535287e-02,
         1.14952505e+00, -1.36788517e-01, -1.45917583e+00,
        -4.81171817e-01, -2.77997524e-01, -8.00949857e-02,
        -6.52048290e-01, -1.36015236e+00, -5.98731220e-01,
         1.60279408e-01,  1.54153243e-01,  1.03333063e-01,
        -3.09763432e-01,  3.83729398e-01],
       [-2.62594789e-01, -1.49663568e-01, -1.58320174e-01,
        -4.31110263e-01,  2.30330884e-01, -2.93983757e-01,
        -5.80695160e-02,  8.74416381e-02, -1.16838121e+00,
         6.29761964e-02, -1.54673710e-01, -5.39067328e-01,
        -1.09365118e+00, -3.85616690e-01, -1.06666720e+00,
        -6.32214367e-01, -1.19721755e-01, -2.36759529e-01,
        -6.28934503e-01, -5.49933016e-01]], dtype=float32)>, <tf.Variable 'dense_1/bias:0' shape=(20,) dtype=float32, numpy=
array([ 3.268622  ,  3.5470862 , -6.4814816 ,  1.4798956 ,  2.8576183 ,
       -0.16637331,  0.96746594, -6.1948843 , -1.3293444 ,  1.2867082 ,
       -4.5445995 , -1.350489  ,  1.0490308 ,  1.7568831 ,  1.0869122 ,
        2.1246898 ,  2.3107657 , -0.11772442, -0.4027926 ,  2.5021346 ],
      dtype=float32)>, <tf.Variable 'dense_2/kernel:0' shape=(20, 3) dtype=float32, numpy=
array([[-0.2262061 , -0.45876598, -0.26712808],
       [ 0.14799935,  0.13858046,  0.00224496],
       [-0.2169012 , -0.5810728 ,  0.12734933],
       [-0.13740449,  0.03430713, -0.1639805 ],
       [ 0.03860814, -0.09747437, -0.23757151],
       [ 0.33021286, -0.43957204,  0.43932113],
       [ 1.037309  ,  0.33136004,  0.27971005],
       [-1.1802881 , -0.27826542, -0.24708298],
       [-0.03650134,  0.46200693,  0.48684412],
       [ 0.22027698, -0.22136782, -0.11670789],
       [-1.4910771 , -0.26312596, -0.2521484 ],
       [-0.53798854,  0.02519181,  0.00940255],
       [ 0.21065682,  0.2793926 ,  0.05559571],
       [ 0.3942765 ,  0.14676756,  0.01983491],
       [-0.11591198,  0.23152313,  0.26607606],
       [-0.3092019 , -0.16226894, -0.02289457],
       [-0.12161669, -0.4032454 , -0.23536159],
       [-0.31505787, -0.09672996,  0.26864046],
       [ 0.06857637, -0.19763708, -0.32842872],
       [-0.39458692, -0.15865184, -0.10991651]], dtype=float32)>, <tf.Variable 'dense_2/bias:0' shape=(3,) dtype=float32, numpy=array([ 1.0085306 , -0.39014173, -0.2952151 ], dtype=float32)>]